 1950  -105.2040      -92.79594      -93.20740      -95.26825      -114.6801      -120.9126      -122.2420      -117.5818      -113.1457      -111.7759      -120.4032      -112.3062    
 1951  -96.46910      -92.83042      -79.55734      -96.75833      -120.9480      -124.4536      -151.6150      -146.3709      -122.4828      -126.0817      -130.6458      -123.4031    
 1952  -113.1265      -110.7019      -98.35720      -106.5599      -117.4242      -116.8165      -126.2049      -126.4621      -116.6705      -122.6910      -120.0225      -110.4326    
 1953  -108.7320      -99.40462      -102.9181      -104.2971      -110.4401      -130.3508      -133.0226      -132.0484      -126.2904      -113.7285      -109.4383      -102.7575    
 1954  -112.3938      -94.11898      -86.46354      -105.8285      -109.3900      -121.5237      -123.0533      -117.8146      -114.1257      -109.7526      -108.1273      -107.1925    
 1955  -89.66290      -93.20914      -88.90456      -88.59064      -113.2478      -110.4655      -119.9195      -112.6702      -110.9662      -105.2219      -113.5766      -115.0682    
 1956  -110.4594      -93.65720      -81.61654      -89.94139      -95.48529      -104.6530      -112.1871      -126.1590      -112.5523      -103.0067      -110.6309      -107.7679    
 1957  -111.0616      -102.6502      -99.87592      -98.15584      -123.3550      -122.7913      -128.7143      -127.0705      -119.5233      -121.7607      -119.2801      -111.4020    
 1958  -112.1797      -103.3305      -94.09561      -91.70683      -107.9214      -119.8094      -119.8761      -113.3644      -100.8661      -113.3931      -116.8947      -100.6974    
 1959  -110.9425      -105.2384      -104.1382      -104.1174      -123.1938      -117.5907      -113.6100      -119.7412      -112.3067      -114.0875      -113.9657      -104.9178    
 1960  -108.6540      -93.44260      -94.34968      -92.50974      -114.3624      -111.4181      -112.7803      -109.5744      -108.0738      -115.7734      -122.9693      -108.4372    
 1961  -108.9483      -101.1947      -82.38097      -92.03632      -112.0353      -112.2697      -129.3212      -127.2877      -116.3559      -112.9238      -109.1288      -110.9056    
 1962  -106.1031      -96.73081      -88.17391      -87.60759      -104.3759      -107.8774      -118.3630      -125.8209      -114.3361      -116.4136      -117.3962      -110.8442    
 1963  -108.8315      -92.56039      -87.28060      -89.27345      -108.8333      -107.7594      -127.2884      -134.7210      -118.7509      -119.3538      -118.5640      -116.1095    
 1964  -105.6563      -103.6294      -86.14500      -99.13235      -108.9540      -118.6356      -119.4105      -124.2874      -108.3075      -120.2851      -114.6536      -101.8779    
 1965  -108.9460      -104.6918      -84.87477      -102.3075      -106.7427      -111.3583      -125.7119      -119.6795      -119.0402      -129.4603      -125.0077      -122.9108    
 1966  -114.3987      -106.4103      -105.0346      -112.6624      -114.4691      -129.7634      -155.3027      -125.0816      -121.5850      -123.0771      -121.6977      -125.2457    
 1967  -104.7466      -91.66186      -94.82567      -103.2625      -120.1026      -120.9781      -140.8793      -128.3155      -124.0476      -103.6020      -115.0109      -119.1829    
 1968  -107.7949      -100.2739      -86.71896      -90.30303      -107.6441      -110.3306      -120.1451      -121.3409      -117.5589      -122.5707      -125.6247      -136.1318    
 1969  -132.8521      -114.2602      -98.93208      -96.20432      -113.1398      -126.3014      -122.7842      -108.9579      -115.2372      -102.8965      -106.7232      -100.5016    
 1970  -98.80879      -86.43958      -84.93121      -91.20821      -103.5304      -111.1430      -109.0042      -115.3290      -101.5355      -115.1122      -112.1065      -98.38406    
 1971  -89.49950      -90.38113      -77.24595      -86.26865      -95.60168      -103.7432      -127.8955      -118.6159      -102.0507      -110.5628      -113.8027      -105.0675    
 1972  -102.0222      -98.62315      -84.86325      -89.99097      -114.5956      -128.5912      -134.5357      -135.6829      -126.7975      -125.4320      -119.3779      -112.7984    
 1973  -111.6796      -104.9568      -100.9747      -93.56659      -108.4315      -104.5504      -119.8598      -111.4912      -103.6227      -106.7456      -103.3753      -95.95063    
 1974  -92.50851      -87.57177      -82.15130      -85.90699      -100.7167      -116.0648      -116.8707      -129.5051      -112.0692      -107.6647      -104.6837      -95.08892    
 1975  -95.53536      -91.33237      -84.67522      -88.87868      -94.17602      -110.3323      -114.1131      -113.4329      -104.0646      -96.73879      -97.75446      -98.14967    
 1976  -78.31474      -86.48136      -76.97604      -82.35487      -95.99454      -113.2663      -117.8819      -113.7752      -115.4497      -106.2262      -98.39632      -97.50867    
 1977  -101.5227      -90.63918      -80.37392      -85.19908      -99.21040      -114.2453      -118.3190      -114.0495      -119.3224      -117.5669      -111.1444      -96.38905    
 1978  -112.9189      -95.83263      -81.35752      -83.21392      -92.94463      -105.9464      -126.8433      -120.8745      -115.7391      -106.6156      -107.8277      -100.0693    
 1979  -100.2516      -90.56100      -92.29333      -92.59001      -96.89136      -107.0828      -108.8118      -110.2081      -97.38739      -93.18607      -96.37064      -95.15762    
 1980  -97.38075      -94.61328      -84.73414      -84.84385      -87.51485      -102.7947      -99.39565      -101.1035      -108.7743      -105.0574      -105.3977      -95.16348    
 1981  -83.17166      -77.51904      -71.03770      -78.34614      -97.01275      -100.0854      -112.2751      -101.0301      -109.0946      -105.1210      -111.6943      -97.99906    
 1982  -96.51825      -86.97977      -92.25221      -97.77697      -113.9205      -123.4833      -117.4093      -121.0336      -112.3055      -112.0185      -115.9253      -113.1297    
 1983  -118.1650      -117.2370      -113.5927      -96.38106      -87.37365      -89.95302      -89.66197      -89.09402      -90.47547      -88.51346      -88.79595      -96.41455    
 1984  -93.67117      -81.93874      -79.97382      -80.06120      -85.67285      -91.16802      -105.2981      -107.0327      -117.4362      -101.8245      -102.0455      -93.64198    
 1985  -90.27862      -99.44730      -76.29268      -76.56592      -91.51101      -98.71947      -104.9430      -113.9148      -111.4394      -102.3536      -103.9930      -104.4720    
 1986  -99.62522      -85.87147      -87.42626      -83.81710      -90.47393      -117.4258      -115.6547      -114.3285      -120.7885      -129.6719      -114.0540      -115.1124    
 1987  -113.3901      -96.14298      -94.10616      -93.78123      -91.77927      -110.9322      -114.8705      -115.6223      -114.3645      -105.8956      -114.6117      -106.1769    
 1988  -106.8574      -96.37502      -91.41213      -84.40656      -88.58790      -100.7981      -106.4891      -105.1116      -99.08830      -96.24680      -98.12115      -90.23357    
 1989  -87.29943      -81.54993      -81.44550      -77.21816      -93.40624      -101.8890      -115.7467      -114.7137      -102.1270      -114.3127      -103.1897      -104.4396    
 1990  -108.7344      -86.41247      -86.31773      -92.57417      -99.54520      -111.1525      -116.0830      -124.1340      -120.2131      -117.6730      -115.5319      -111.7255    
 1991  -111.1241      -98.06936      -84.12162      -96.60247      -104.3323      -120.0891      -110.8033      -113.8793      -114.4801      -115.6665      -111.2063      -108.8163    
 1992  -117.1393      -112.0041      -98.76734      -100.0050      -97.46445      -103.1458      -110.5068      -115.5479      -107.4175      -106.2547      -109.3848      -107.3676    
 1993  -110.9681      -90.34632      -89.42747      -89.53002      -103.5459      -106.0660      -114.8853      -105.9460      -108.0455      -112.7060      -114.3699      -109.6790    
 1994  -103.9298      -94.25520      -90.34670      -89.97346      -97.08117      -113.9969      -112.6536      -121.2859      -117.1259      -117.8035      -118.4412      -116.4797    
 1995  -109.6113      -104.9006      -98.19342      -96.44352      -107.2057      -113.4694      -119.9272      -117.0659      -110.5686      -114.5063      -108.2440      -103.0394    
 1996  -107.9856      -97.58801      -84.95387      -86.49254      -98.34386      -111.5843      -122.1789      -111.3969      -111.3110      -116.8594      -110.6269      -100.7380    
 1997  -108.2736      -100.1869      -85.54750      -94.58564      -104.4590      -121.2157      -136.7007      -126.8877      -129.2127      -128.3990      -120.6870      -131.6719    
 1998  -129.8352      -135.1254      -116.6528      -111.5036      -92.87650      -100.7018      -97.33319      -101.7354      -102.9217      -106.5406      -104.3438      -95.73762    
 1999  -83.62511      -72.95699      -79.48824      -81.84161      -96.59503      -106.9742      -122.2791      -117.7033      -109.8483      -119.6821      -112.8092      -99.58142    
 2000  -107.9403      -89.29743      -86.42431      -92.10291      -94.33416      -117.1834      -121.0806      -125.8210      -121.8099      -124.7328      -127.5374      -101.9336    
 2001  -104.6769      -86.47102      -93.74265      -95.72999      -102.6637      -123.6549      -135.9134      -130.2208      -126.4918      -131.5710      -122.2848      -106.7800    
 2002  -110.7657      -102.7627      -96.88384      -97.16634      -104.9685      -132.0888      -135.6020      -139.1792      -136.1770      -133.4036      -138.4631      -127.0020    
 2003  -113.7519      -101.9620      -106.7386      -102.4357      -107.6561      -121.6704      -133.7819      -135.2323      -128.1855      -129.8365      -136.6037      -118.9352    
 2004  -109.6588      -105.1278      -90.42892      -95.84608      -114.5073      -123.6908      -132.6020      -144.8509      -136.1078      -134.7326      -136.9836      -122.6325    
 2005  -123.4703      -102.2577      -106.5767      -96.56974      -113.3436      -131.1871      -132.5296      -127.0003      -125.5588      -133.9187      -127.4370      -122.2626    
 2006  -106.2658      -90.90683      -88.51992      -95.42529      -110.0772      -130.8032      -135.9281      -133.0648      -138.5719      -131.8748      -131.5926      -130.0683    
 2007  -110.8283      -100.1762      -92.71364      -96.98788      -106.5949      -128.4569      -118.9918      -122.3823      -125.9779      -118.0350      -111.9685      -112.8615    
 2008  -96.06022      -95.18707      -83.91910      -90.45878      -101.2370      -116.1532      -128.8129      -129.5896      -119.2034      -121.9482      -113.8277      -113.4542    
 2009  -98.65457      -87.61265      -88.61159      -97.77348      -108.9305      -119.8945      -137.3563      -130.1869      -133.0419      -125.3635      -137.6150      -131.7031    
 2010  -125.1886      -117.0167      -110.2077      -107.6280      -109.3358      -117.2155      -118.6852      -115.2492      -112.1136      -109.3342      -112.4069      -107.3852    
 2011  -92.20409      -90.60577      -93.12095      -94.50273      -103.5594      -118.6086      -126.4341      -125.7588      -120.2553      -114.9629      -122.0139      -111.6207    
 2012  -92.16506      -93.19968      -90.52354      -94.68983      -110.1494      -115.8747      -125.5803      -135.9515      -134.3532      -125.5240      -129.7687      -123.6851    
 2013  -102.1542      -100.4526      -92.84372      -98.26801      -111.5566      -127.5726      -132.8690      -131.9145      -131.1368      -121.3770      -128.1007      -120.2772    
 2014  -106.3339      -102.6361      -98.14084      -100.4217      -121.5434      -130.4575      -131.0152      -132.4803      -136.8255      -132.0302      -137.3921      -124.3768    
 2015  -111.0119      -104.9382      -104.6359      -101.1597      -113.9572      -127.7604      -129.0418      -134.9881      -142.0737      -133.8299      -133.8811      -123.8296    
 2016  -120.1179      -117.7400      -104.1080      -100.8830      -106.3816      -118.4465      -121.3690      -122.6533      -123.9764      -125.7275      -125.7738      -114.4981    
 2017  -105.8304      -93.09496      -92.29527      -90.83602      -107.6932      -116.8988      -129.1746      -123.8150      -118.7384      -118.6997      -128.7481      -110.4738    
 2018  -111.9885      -96.72626      -88.84812      -96.02377      -117.3312      -127.5780      -131.6007      -129.3074      -128.9830      -136.0104      -132.8366      -125.3121    
 2019  -107.9148      -101.7185      -97.71458      -106.0107      -104.5389      -124.0780      -123.2617      -125.7834      -119.4100      -129.3474      -127.1531      -123.2434    
 2020  -111.0057      -101.2894      -101.1134      -108.6589      -113.3186      -120.3352      -128.4568      -119.7167      -120.2691      -117.6349      -119.8752      -107.3841    
 2021  -101.4505      -85.97660      -90.08902      -93.36327      -121.7085      -125.9629      -133.1556      -127.5443      -125.7855      -116.9035      -127.5069      -103.8758    
 2022  -106.2148      -117.1525      -100.6400      -99.54696      -115.7052      -133.7345      -131.8807      -124.2963      -124.6730      -130.1837      -122.8914      -114.3816    
 2023  -106.8969      -96.31819      -100.3508      -999.9000      -999.9000      -999.9000      -999.9000      -999.9000      -999.9000      -999.9000      -999.9000      -999.9000    
