 1950   100766.7       100754.4       100839.5       100769.9       100858.8       100864.7       100941.3       100971.1       100985.3       100939.4       100723.9       100694.6    
 1951   100842.2       100719.4       100828.0       100928.9       101006.1       100969.5       100966.1       101015.8       100972.6       100991.2       100860.8       100863.2    
 1952   100837.2       100789.4       100869.0       100973.5       100885.9       100921.8       100964.0       100942.3       100987.1       100854.5       100775.7       100877.2    
 1953   100895.8       100972.1       100861.9       100928.1       101034.2       100936.1       101014.9       100960.5       101043.1       100964.4       100899.0       100873.3    
 1954   100751.7       100918.9       100877.6       100846.6       100831.3       100918.2       100890.3       100911.8       100947.2       100945.7       100882.8       100680.5    
 1955   100936.8       100669.2       100804.7       100834.0       100843.3       100906.1       100938.5       100915.6       100897.4       100898.7       100713.4       100764.6    
 1956   100663.0       100742.1       100820.5       100793.1       100863.4       100932.2       100942.9       100905.6       100916.7       100911.0       100822.4       100749.4    
 1957   100817.7       100784.1       100938.0       100932.1       100967.8       100983.5       100936.2       100918.9       100981.8       100994.5       100902.6       100829.2    
 1958   101038.6       100953.6       100960.8       100928.7       100913.6       100912.1       100985.0       100899.4       100954.3       100878.7       100843.9       100895.9    
 1959   100906.5       100974.1       100915.7       100893.5       100852.4       100975.5       101019.4       100967.6       100944.3       100984.5       100819.5       100741.8    
 1960   100851.6       100901.1       100909.9       100879.4       100887.2       100970.8       100957.1       101004.1       100920.4       100987.4       100868.0       100866.4    
 1961   100812.1       100781.5       100981.3       100880.8       100924.6       100959.5       101025.4       101006.9       100988.2       100945.2       100948.2       100817.0    
 1962   100775.3       100916.1       100939.8       100929.1       100916.6       101018.1       100941.2       101089.2       100977.8       100973.6       100854.0       100887.8    
 1963   100830.9       100998.5       100878.9       100925.6       100878.4       101038.4       101002.8       100937.0       101042.4       101012.6       100990.6       100945.8    
 1964   100919.5       100833.1       100922.4       100878.7       100876.1       100934.5       100960.5       100978.8       100888.6       100917.0       100793.3       100858.1    
 1965   100829.3       100741.2       100916.3       100975.4       100916.6       101081.7       101005.9       101010.3       101020.2       101014.9       100984.8       100797.2    
 1966   100977.2       100892.9       100868.2       100872.1       100996.6       101048.0       100895.2       100957.5       101003.8       100921.6       100822.5       100731.4    
 1967   100725.9       100807.4       100807.6       100922.2       100876.5       100902.6       100902.7       100971.4       101009.8       100948.7       100838.3       100905.1    
 1968   100707.6       100895.9       100855.1       100942.4       100926.0       101016.5       100971.9       101013.4       101007.9       100977.1       100977.5       100785.8    
 1969   100801.7       100859.2       100965.4       100983.5       100926.0       100985.7       100981.4       101043.5       100942.2       100984.2       100898.6       100871.0    
 1970   100964.8       100909.9       100872.2       100958.3       100912.0       100944.0       101026.9       100927.5       100891.1       100811.6       100843.6       100704.9    
 1971   100770.7       100729.3       100817.1       100803.3       100882.4       100965.9       100928.4       100952.7       100919.0       100925.1       100859.2       100721.9    
 1972   100792.1       100773.9       100900.0       100964.4       100906.7       100924.6       100939.1       101054.9       100988.3       101046.2       100940.9       100965.2    
 1973   100957.7       101010.0       100932.2       100881.3       100945.1       100912.0       100938.5       100917.0       100980.8       100865.1       100781.7       100773.1    
 1974   100767.8       100711.5       100848.5       100813.6       100887.1       100922.1       100947.7       100942.1       100940.8       100851.6       100765.2       100755.8    
 1975   100836.0       100891.4       100874.3       100824.5       100878.6       100912.4       100931.0       100921.5       100890.9       100872.2       100790.2       100759.6    
 1976   100717.1       100798.8       100754.5       100886.7       100929.5       100927.8       100979.5       101016.5       101013.8       100911.3       100796.6       100759.5    
 1977   100762.6       100813.0       100884.5       100854.2       100926.3       100899.7       100820.3       100931.3       100998.1       100960.4       100886.8       100892.5    
 1978   100860.6       100980.4       100917.7       100925.1       100778.8       100853.0       100830.2       100890.4       100906.2       100856.6       100823.1       100840.8    
 1979   100870.7       100877.6       100907.5       100900.6       100946.5       100927.4       101074.4       101025.4       100957.6       100961.6       100821.6       100904.4    
 1980   100832.1       100898.8       100893.4       100886.1       100932.4       100954.9       101001.0       101018.5       101010.2       100963.2       100885.3       100799.5    
 1981   100854.8       100866.7       101032.4       100936.4       100898.2       100983.6       100918.4       101024.8       100938.9       100944.5       100846.7       100863.4    
 1982   100853.3       100893.7       100847.0       100956.6       100954.2       101017.6       101005.9       101022.7       101119.8       101039.6       100954.2       100999.8    
 1983   101095.9       101175.4       101183.0       101063.7       101023.7       101002.7       100994.1       101066.6       100984.2       100935.0       100951.0       100905.0    
 1984   100840.5       100771.2       100941.9       100912.6       100912.2       100952.7       100922.7       100955.2       100983.1       100938.0       100889.0       100666.0    
 1985   100872.7       100648.0       100799.5       100804.8       100802.4       100934.6       101011.3       100979.8       100961.1       100975.6       100848.1       100862.0    
 1986   100734.7       100918.9       100855.2       100857.0       100937.0       100867.6       101005.6       100897.6       100992.9       101046.0       100860.5       100934.7    
 1987   100929.7       100990.1       101055.7       101006.2       101028.1       101003.8       101068.7       101026.7       101077.0       101011.9       100880.6       100879.7    
 1988   100828.8       100849.4       100812.6       100955.0       100917.2       101001.3       100966.2       101006.8       100889.8       100841.8       100844.8       100831.7    
 1989   100714.3       100852.0       100877.2       100797.5       100878.7       101010.9       100954.0       100986.9       100995.0       100925.8       100857.1       100941.1    
 1990   100796.3       101043.0       100938.8       100899.0       100884.0       100939.4       100992.5       100996.3       101042.0       101016.2       100825.4       100856.5    
 1991   100863.2       100918.1       100907.2       100899.1       100958.2       101016.0       101029.0       101015.4       101061.7       100941.6       100953.9       100925.9    
 1992   101101.5       101048.1       101107.2       101008.8       100962.1       100909.0       101056.2       101021.8       100982.5       100897.8       100914.5       100906.0    
 1993   100914.0       100957.6       100987.2       100977.8       100992.7       101028.1       100971.1       101149.3       101109.4       101058.8       100884.6       100803.4    
 1994   100845.0       100840.0       100958.0       100934.8       100955.6       100950.0       100968.4       101053.4       101075.9       101055.6       100936.8       100909.4    
 1995   100936.5       100977.0       100917.0       100890.0       100956.9       100985.7       100949.7       100952.8       101033.5       100900.9       100886.1       100919.2    
 1996   100780.1       100783.4       100851.0       100904.9       101028.6       101000.9       100942.1       101029.1       100878.1       100910.6       100809.5       100704.0    
 1997   100929.8       100764.2       100931.2       101017.7       100980.5       101105.6       101003.4       101149.5       101191.9       101163.7       101147.9       100995.8    
 1998   101083.5       101219.8       101143.5       101125.9       101027.5       101003.7       101015.9       101031.8       101003.6       100951.8       100846.5       100806.1    
 1999   100733.1       100874.1       100754.0       100893.3       100954.6       101021.7       100960.8       101069.6       101053.2       100941.1       100855.2       100809.0    
 2000   100783.7       100845.6       100878.1       100875.2       100956.1       100951.4       100964.7       100934.7       101020.2       100853.6       100748.1       100749.4    
 2001   100822.1       100679.9       100897.1       100893.4       100975.6       100884.0       100989.1       100949.5       101002.7       100905.8       100841.2       100866.8    
 2002   100889.2       100948.5       100890.7       100896.2       100939.5       100923.9       101035.1       100978.4       101075.9       100907.5       100869.8       100960.8    
 2003   100943.8       100888.4       100964.2       100917.2       100903.1       101002.7       100983.1       101024.0       101037.5       100959.8       100842.4       100813.8    
 2004   100907.8       100856.1       100822.5       100900.0       100928.5       100991.0       101000.2       101022.4       101062.5       100984.5       100885.3       100848.9    
 2005   100828.8       100992.4       101004.4       100970.0       100954.6       100965.1       100990.3       101047.2       101001.3       100960.6       100840.4       100812.8    
 2006   100764.1       100845.9       100855.7       100899.6       101000.3       100948.4       101043.5       101001.6       101017.6       101049.1       100918.8       100859.2    
 2007   100874.3       100900.8       100871.9       100962.2       100982.5       100813.2       100968.5       100994.8       100909.7       100930.0       100743.5       100743.8    
 2008   100772.0       100834.5       100896.8       100849.8       100964.1       100991.3       100987.4       101008.8       100986.9       100981.4       100851.9       100784.1    
 2009   100858.5       100789.6       100901.1       100889.8       100887.6       101005.7       100916.5       100967.1       100927.4       100964.6       100790.8       100883.2    
 2010   100865.9       101022.1       100953.7       101005.6       100868.9       101001.5       100981.7       100998.5       100978.9       100897.5       100858.4       100677.6    
 2011   100734.2       100819.3       100820.9       100901.9       100923.9       100928.9       100938.1       100974.2       101014.7       100970.5       100826.3       100727.3    
 2012   100818.2       100813.5       100793.9       100975.2       100905.5       100971.5       100904.7       101046.0       100989.8       100956.5       100867.6       100786.0    
 2013   100833.6       100832.7       100913.9       100924.3       100955.7       100891.2       100911.6       101016.5       100956.2       100975.9       100843.6       100782.1    
 2014   100807.7       100807.2       100953.9       100917.4       100997.8       100922.5       101000.0       101061.6       101030.8       100986.1       100912.2       100837.4    
 2015   100875.4       100917.2       100973.8       100954.3       101021.4       100964.8       101076.6       101069.8       101079.3       101121.4       100915.9       100954.1    
 2016   101092.0       101008.0       101074.3       101018.1       101004.9       101033.8       100995.7       100963.3       100973.2       100912.4       100856.9       100805.6    
 2017   100844.2       100925.7       100948.3       100973.2       100971.2       101041.5       101037.5       101001.0       101019.6       100867.4       100743.9       100783.5    
 2018   100730.2       100879.1       100776.0       100892.2       100967.2       101062.4       100949.1       101019.5       100977.2       101014.4       100937.3       100818.2    
 2019   100895.5       101024.0       100971.2       100968.6       101021.4       100977.6       101041.8       101044.7       101138.5       100987.8       100886.0       100888.2    
 2020   100896.1       100965.6       100985.7       101025.6       101025.5       101014.1       100945.9       101003.0       100982.0       100911.1       100933.9       100852.1    
 2021   100784.7       100847.9       100908.8       100963.5       100905.9       101096.1       100979.9       101081.5       100988.7       100966.4       100860.4       100833.1    
 2022   100884.9       100819.0       100878.6       100874.4       100970.3       100972.5       100947.1       100971.3       101022.2       100925.3       100927.4       100760.1    
 2023   100861.4       100823.4       100978.4      -999.9000      -999.9000      -999.9000      -999.9000      -999.9000      -999.9000      -999.9000      -999.9000      -999.9000    
