 1950   100970.2       100994.0       101024.1       100949.1       101040.9       101105.4       101186.6       101171.1       101204.3       101127.5       100961.3       100970.6    
 1951   101041.9       100971.0       100956.1       101047.0       101108.8       101114.8       101147.9       101187.2       101146.2       101111.8       101042.9       101055.0    
 1952   101017.4       100963.7       100977.4       101052.0       101070.4       101160.2       101200.1       101168.2       101168.0       101100.4       101011.4       101075.8    
 1953   101074.9       101049.6       100978.3       101040.9       101093.5       101135.4       101200.0       101186.3       101158.1       101119.8       101093.9       101043.5    
 1954   100975.1       101052.0       101017.7       101033.4       101035.7       101147.2       101149.3       101166.4       101169.5       101156.7       101098.9       100972.5    
 1955   101099.5       100917.3       100946.0       100958.7       101062.5       101141.0       101172.1       101151.2       101128.7       101123.2       101017.9       101027.7    
 1956   100928.4       100935.1       100983.6       100962.0       101033.0       101146.7       101201.3       101163.7       101106.6       101103.4       101050.9       101007.4    
 1957   101031.3       100955.7       101044.0       101022.0       101054.0       101118.0       101127.8       101125.2       101138.1       101134.3       101027.6       100996.9    
 1958   101062.7       101038.2       100991.5       100989.7       101027.6       101131.7       101159.0       101107.1       101111.2       101077.9       101023.6       101038.4    
 1959   100999.0       101023.0       101026.5       100952.4       100978.3       101112.0       101196.0       101131.4       101119.3       101132.8       101034.1       101000.6    
 1960   101061.9       101055.3       101023.4       101007.2       101048.6       101162.9       101169.5       101181.0       101139.7       101152.7       101099.1       101072.9    
 1961   101024.0       101014.7       101044.1       101005.4       101085.9       101145.9       101192.6       101206.8       101155.0       101089.3       101079.9       101025.8    
 1962   101022.6       101053.7       101038.6       101035.8       101069.9       101170.0       101195.3       101262.3       101173.0       101161.8       101078.0       101097.6    
 1963   101023.3       101089.0       101033.8       101017.0       101044.6       101189.3       101156.8       101121.4       101155.7       101156.2       101091.1       101065.8    
 1964   101044.0       100949.9       101032.2       101012.1       101086.7       101124.6       101176.5       101196.3       101156.6       101161.7       101071.7       101031.9    
 1965   101018.1       100925.0       101059.6       101036.6       101034.5       101232.7       101182.5       101168.5       101171.6       101122.9       101079.8       100994.1    
 1966   101030.8       100991.6       100950.4       100993.4       101120.6       101172.1       101095.3       101162.3       101179.7       101097.0       100997.1       100919.1    
 1967   100970.8       100969.9       100952.7       101012.0       101028.7       101092.3       101133.6       101189.3       101199.4       101151.1       101021.1       101070.1    
 1968   100964.4       101033.5       101012.2       101049.0       101092.6       101199.5       101202.2       101212.8       101173.3       101110.7       101089.2       100993.2    
 1969   100877.1       100922.0       101017.1       101005.5       101024.3       101126.4       101189.9       101166.0       101108.0       101083.1       101038.9       101024.5    
 1970   101078.5       101007.0       100982.6       101031.3       101047.1       101144.9       101230.4       101127.6       101094.7       101036.2       101039.6       100950.9    
 1971   100970.8       100924.4       100979.6       100968.6       101040.4       101151.5       101129.3       101160.2       101141.1       101145.9       101081.5       100957.8    
 1972   100956.3       100958.3       100990.9       101003.8       101018.1       101076.1       101091.5       101114.7       101095.3       101086.0       101019.5       101017.9    
 1973   101037.0       101037.6       101000.6       100972.0       101064.4       101096.8       101148.7       101161.9       101186.2       101038.1       101048.6       101050.9    
 1974   101004.7       100935.6       101006.1       100981.5       101074.3       101093.2       101184.7       101144.9       101148.1       101084.5       101012.6       100989.1    
 1975   101008.0       101061.6       101012.0       100955.8       101026.2       101132.0       101160.1       101158.6       101149.2       101099.8       101049.1       101012.7    
 1976   100978.3       100994.2       100920.6       101031.9       101101.9       101104.6       101195.7       101190.6       101172.1       101071.2       100995.3       100942.8    
 1977   100955.5       101016.5       100993.9       100971.7       101058.9       101100.3       101057.7       101138.0       101165.9       101118.1       101054.5       101045.8    
 1978   101080.4       101067.6       101037.1       101014.1       101007.7       101122.0       101094.9       101170.9       101150.6       101083.1       101055.6       101036.4    
 1979   101007.8       101005.3       100992.9       100994.0       101057.9       101136.8       101251.5       101137.4       101115.7       101113.1       100970.5       101052.9    
 1980   101010.6       100998.7       100966.6       100976.3       101063.9       101135.6       101181.4       101210.6       101178.8       101143.5       101067.8       101002.5    
 1981   101067.9       100982.1       101072.1       101006.4       101058.4       101163.8       101168.3       101194.2       101153.3       101105.9       101030.7       101050.4    
 1982   101049.0       101017.6       100971.9       101042.3       101071.6       101160.7       101153.8       101176.2       101197.5       101103.1       100995.2       101023.5    
 1983   101043.9       101072.1       101073.6       101020.7       101024.1       101122.1       101127.7       101230.7       101167.4       101118.7       101175.3       101114.6    
 1984   101018.9       100917.3       100998.1       101000.9       101016.0       101115.0       101124.9       101161.5       101146.4       101123.9       101084.9       100903.7    
 1985   101038.6       100893.5       100930.2       100953.8       100998.4       101173.7       101208.6       101178.6       101128.5       101097.0       101046.6       101046.9    
 1986   101003.0       101036.4       101002.7       100957.0       101049.6       101072.7       101248.3       101128.6       101180.1       101184.4       101016.9       101062.1    
 1987   101063.4       101046.5       101013.4       101033.1       101041.5       101134.2       101131.6       101130.2       101172.1       101088.4       101039.8       101036.1    
 1988   101011.6       100945.8       100975.3       101015.3       101070.8       101178.1       101204.6       101185.9       101129.6       101064.1       101107.7       101065.2    
 1989   100992.9       101066.6       101009.3       100957.3       101080.9       101192.1       101203.4       101190.3       101119.0       101128.9       101035.1       101101.2    
 1990   100970.9       101080.0       101050.5       100973.4       101030.6       101138.7       101208.3       101229.3       101183.0       101147.7       101040.7       101032.7    
 1991   101049.6       101042.5       100999.7       101002.8       101052.2       101132.7       101201.9       101234.7       101202.2       101093.4       101076.7       101013.6    
 1992   101088.3       101068.1       101041.5       101003.8       101026.4       101082.4       101243.2       101257.6       101134.4       101109.8       101053.0       101042.2    
 1993   101092.5       101073.8       101091.6       101023.3       101058.8       101152.0       101182.8       101280.6       101212.2       101156.6       101037.2       101011.7    
 1994   101011.0       101005.7       101062.1       101026.9       101093.0       101130.2       101177.1       101215.2       101207.8       101120.6       101076.5       101055.2    
 1995   101081.8       101085.0       101011.6       100948.4       101072.9       101135.0       101111.9       101158.0       101220.1       101081.3       101077.9       101127.0    
 1996   100985.5       100964.5       100981.3       101001.6       101127.1       101151.5       101199.1       101217.3       101103.6       101102.1       101003.7       100998.6    
 1997   101080.3       100992.2       101024.3       101087.5       101086.1       101139.3       101167.3       101245.0       101191.4       101132.6       101112.0       101046.1    
 1998   101018.1       101142.3       101045.8       101060.3       101098.5       101184.5       101212.4       101197.1       101179.3       101139.6       101045.3       101054.0    
 1999   100977.6       101048.8       100898.3       101040.9       101100.1       101161.3       101192.1       101243.7       101168.1       101139.5       101065.6       101040.9    
 2000   100991.7       101062.5       100987.5       101004.7       101084.1       101141.0       101130.2       101157.6       101156.7       101090.4       100976.6       101017.8    
 2001   101045.4       100928.8       101025.0       101007.5       101077.9       101116.5       101174.4       101206.7       101156.1       101097.7       101053.6       101009.9    
 2002   101046.1       101069.6       100995.2       100958.1       101041.7       101129.2       101226.2       101171.4       101187.9       101057.8       101043.0       101084.2    
 2003   101079.1       100992.9       101012.0       101027.8       101071.7       101140.1       101185.9       101215.7       101189.7       101098.7       101023.4       101022.3    
 2004   101016.5       101036.7       100963.5       101017.0       101081.2       101214.8       101171.9       101222.9       101165.4       101122.9       101042.2       101003.2    
 2005   100999.5       100984.3       101084.1       101033.9       101053.8       101116.3       101207.7       101203.3       101167.7       101138.8       101030.9       100997.0    
 2006   100982.8       100999.9       101009.9       100991.0       101120.9       101124.8       101225.1       101157.4       101174.5       101130.0       101027.8       101057.5    
 2007   101028.6       101032.8       100983.1       101057.3       101081.4       101069.8       101170.4       101170.2       101146.5       101115.5       100986.7       101009.2    
 2008   100996.4       101071.1       101007.2       100957.0       101073.0       101132.1       101177.2       101129.5       101141.6       101125.6       101025.2       101006.6    
 2009   101069.8       100976.5       100984.0       101023.4       101023.9       101140.3       101138.6       101144.7       101136.9       101075.7       100958.0       101014.3    
 2010   100991.6       100996.8       101016.4       101034.4       101010.2       101186.1       101190.3       101199.0       101151.7       101094.5       101027.5       100923.7    
 2011   100935.6       100990.7       100980.1       101011.9       101048.7       101104.6       101118.1       101156.2       101199.2       101079.0       101027.1       100999.3    
 2012   101034.4       100985.4       100972.9       101044.5       101059.6       101142.4       101105.9       101212.2       101192.7       101089.6       101032.4       100966.0    
 2013   101029.2       100987.7       101026.8       101028.2       101105.4       101105.8       101165.8       101179.3       101155.3       101143.9       101000.7       101009.5    
 2014   101035.0       100960.2       101038.1       101032.5       101080.5       101092.7       101223.2       101226.1       101185.6       101135.1       101066.3       101030.8    
 2015   101073.7       101049.7       101055.3       101038.6       101093.8       101120.1       101196.0       101166.4       101150.5       101153.1       101008.1       101051.1    
 2016   101099.0       101024.3       101096.6       101040.6       101136.5       101228.3       101204.3       101194.1       101200.8       101088.2       101045.4       101024.7    
 2017   101049.6       101063.2       101033.8       101037.8       101100.2       101152.7       101239.1       101178.3       101189.4       101068.7       100996.8       101024.5    
 2018   100986.8       101024.5       100975.9       101046.9       101106.1       101203.4       101186.6       101223.8       101117.8       101132.9       101057.2       101055.3    
 2019   101085.2       101075.2       101052.1       101044.1       101094.4       101150.7       101190.1       101245.2       101233.3       101103.8       101020.2       101029.3    
 2020   101059.8       101059.4       101057.8       101113.4       101159.8       101168.9       101132.8       101178.5       101171.4       101103.1       101117.2       101066.1    
 2021   101016.4       101024.7       101022.5       101044.7       101093.0       101218.1       101218.4       101247.5       101179.5       101128.0       101059.4       101048.6    
 2022   101085.0       101016.3       101002.3       101005.8       101130.1       101151.3       101174.4       101178.7       101202.0       101143.0       101115.3       101024.1    
 2023   101089.4       101024.4       101078.5      -999.9000      -999.9000      -999.9000      -999.9000      -999.9000      -999.9000      -999.9000      -999.9000      -999.9000    
