 1950   296.5926       297.5719       298.1411       298.3608       298.2490       297.6411       296.2827       296.1370       295.2789       295.5707       295.3804       296.2131    
 1951   296.9044       297.8036       298.4874       298.9420       299.0454       298.8819       298.4065       297.6518       297.1330       297.4379       297.4410       297.8795    
 1952   298.2418       298.6777       299.0828       299.3116       298.5581       297.7262       296.9109       296.4028       295.7773       295.7217       296.0854       296.8020    
 1953   297.6497       298.4368       299.3152       299.5647       299.5446       298.8433       298.0260       296.8190       297.1768       296.8838       296.7444       297.1257    
 1954   297.4286       298.0910       298.5575       298.4064       297.6069       296.9801       295.8795       295.5396       295.1393       295.1467       295.7503       295.8445    
 1955   296.7641       297.7250       298.2625       298.3224       297.8321       296.8294       296.4037       295.7281       295.1151       294.5294       294.6207       295.2042    
 1956   296.1761       297.4465       298.2386       298.7055       298.0005       297.4994       296.7538       296.1971       295.6260       295.4255       295.4274       296.1117    
 1957   297.0504       298.0301       299.1319       299.3573       299.7191       299.0837       298.3178       297.4382       297.3295       297.0565       297.4895       297.5815    
 1958   298.3533       298.9541       299.3834       299.4995       299.0034       298.1925       297.3555       296.3739       295.9910       296.2250       296.4559       296.5955    
 1959   297.5505       298.5142       299.1074       299.3421       299.0732       298.0071       297.0933       296.3180       295.8096       296.2975       296.3305       296.8113    
 1960   297.3662       297.9074       298.7453       298.9995       298.1366       297.7124       297.1581       296.5708       296.2865       295.8220       295.5565       296.4364    
 1961   297.5186       298.3907       298.7710       298.9111       298.8269       297.7321       296.7075       296.1454       295.6879       295.8247       295.9412       296.3155    
 1962   297.2533       297.9336       297.9891       298.2914       298.2617       297.3196       296.7933       295.9698       295.4648       295.5996       296.0141       296.1194    
 1963   296.9594       297.5212       298.4398       298.7909       298.7186       298.1907       297.6120       296.8143       296.6451       296.7657       296.9262       297.1618    
 1964   297.7097       298.2351       298.4361       298.3583       297.6566       296.7640       295.7626       294.5359       294.8942       294.8726       295.5060       295.6718    
 1965   296.6470       297.7140       298.5649       299.2630       299.3560       298.9167       298.2077       297.3899       297.3209       297.6879       297.6143       297.7645    
 1966   298.2773       298.6452       298.8701       298.9430       298.2587       298.0535       297.7636       296.6415       296.1966       296.1229       296.1811       296.3638    
 1967   297.0268       297.7766       298.4494       298.7119       298.7316       297.8717       296.7618       295.5630       295.2935       295.2998       295.6887       295.9380    
 1968   296.4619       297.5146       297.7175       298.4105       297.9648       297.5808       297.0979       296.8947       296.6194       296.7140       296.9353       297.2690    
 1969   297.8827       298.4214       299.1021       299.5886       299.3601       298.8018       297.5793       296.8113       296.3470       296.3808       297.0579       297.1844    
 1970   297.6774       298.1979       298.5416       299.0012       298.2653       297.0531       295.7041       295.1806       295.1295       295.4376       295.3974       295.6629    
 1971   296.1924       296.8387       297.7671       298.5372       297.9519       297.2518       296.6025       295.6672       295.2050       295.4013       295.4608       295.8241    
 1972   296.7184       297.9299       298.5789       299.2031       299.3575       298.8694       298.6314       298.4289       297.9540       297.9248       298.1045       298.6497    
 1973   299.0163       299.0506       299.2282       298.9982       298.4290       297.4507       296.2263       295.2530       294.9683       295.0380       295.4191       295.6276    
 1974   295.9178       297.1933       298.0729       298.7344       298.6233       298.0232       296.9461       296.2588       295.9977       295.5828       295.7316       295.7983    
 1975   296.5831       297.6411       298.3761       298.8289       298.0626       297.3074       296.5260       295.9094       295.1177       294.9310       295.3153       295.3757    
 1976   296.0272       297.2246       298.2147       298.6078       298.6866       298.6142       297.9458       297.3202       297.1350       296.6828       296.8829       297.1771    
 1977   297.8094       298.3393       298.9539       298.9075       298.4691       297.7579       297.2094       296.0429       295.9637       296.4162       296.5893       296.7283    
 1978   297.4883       298.3495       298.5948       298.5493       297.9750       297.2487       296.8771       295.9122       295.5113       295.7122       296.2855       296.7327    
 1979   297.2801       298.0474       298.6271       299.1325       298.7895       297.9446       296.9329       296.7122       296.6573       296.6210       296.6995       297.0310    
 1980   297.7080       298.2554       299.0617       299.3224       298.9864       298.2599       297.1485       296.4044       296.2899       295.9799       296.3188       296.6693    
 1981   296.6180       297.5817       298.5234       298.6551       298.5955       297.9153       297.1212       295.9213       295.9884       296.2152       296.2436       297.0162    
 1982   297.5618       298.2466       299.0192       299.4606       299.2903       298.8770       297.9058       297.6467       298.0346       298.3604       298.9264       299.2695    
 1983   299.8279       299.8457       300.0247       300.1657       299.9638       299.4726       298.7569       297.9705       297.0233       296.4799       296.2577       296.4063    
 1984   297.0868       298.0806       299.0303       299.1426       298.3054       297.0750       296.5078       296.0553       295.8764       295.4693       295.7180       296.0273    
 1985   296.7279       297.4092       298.3614       298.6516       298.0618       297.5711       296.2997       295.8419       295.5831       295.8415       295.8471       296.1357    
 1986   297.0171       297.9842       298.5867       298.9643       298.5456       298.0073       297.1732       296.4414       296.5821       297.0841       297.4090       297.7655    
 1987   298.4161       299.0695       299.3820       299.7180       299.5850       299.2258       298.5819       298.0349       297.9464       297.8228       297.7554       298.0579    
 1988   298.1241       298.6420       299.0317       298.5645       297.3452       296.1486       295.5430       295.3186       295.1642       294.9943       295.1318       295.3402    
 1989   296.3143       297.7755       298.2782       298.7112       298.3840       297.8109       296.9583       296.1243       295.8316       296.0742       296.2606       296.4283    
 1990   297.3573       298.4623       298.9115       299.3502       299.1226       298.3630       296.9812       296.3761       296.3610       296.2607       296.2848       296.7056    
 1991   297.3987       298.3730       299.0703       299.2218       299.3946       299.2727       297.9322       296.7983       296.4413       296.8254       297.4061       297.8632    
 1992   298.4402       299.0911       299.6374       299.9957       299.7004       298.4614       297.0801       296.3221       295.9752       296.0964       296.3555       296.7927    
 1993   297.5006       298.4758       299.2568       299.7541       299.5756       298.9103       297.5686       296.5429       296.6323       296.8484       296.9342       297.1448    
 1994   297.5938       298.2323       298.8503       298.8139       298.5558       298.1954       296.7304       296.0575       296.3344       296.9489       297.3839       297.8707    
 1995   298.2201       298.8461       298.9068       298.9143       298.1729       297.7740       297.1093       295.9031       295.5878       295.5385       295.7873       296.0020    
 1996   296.9992       297.9590       298.7949       298.6265       298.2385       297.6362       296.8764       296.1606       295.7961       295.8058       296.0130       296.0374    
 1997   296.6741       297.8777       299.0825       299.4769       299.7312       299.7785       299.6239       299.4259       299.4928       299.6599       299.7478       299.9410    
 1998   300.3682       300.5450       300.5150       300.4750       299.9371       298.4671       297.6450       296.8140       296.3710       296.0142       296.1210       295.9995    
 1999   296.4918       297.9888       298.8789       298.7265       298.5743       297.5132       296.6414       295.7798       295.1656       295.2593       295.2696       295.5334    
 2000   296.3332       297.7118       298.6706       299.1952       298.6790       297.6104       296.7459       296.1071       295.9278       296.0167       295.8948       296.2932    
 2001   297.0907       298.2647       299.1104       299.4229       298.8614       297.9816       296.9833       296.0486       295.5983       295.6935       296.0200       296.4856    
 2002   297.1216       298.3304       299.1631       299.2960       299.1070       298.7797       297.6226       296.8755       296.7968       297.3127       297.8872       298.2003    
 2003   298.3799       298.7672       299.2603       299.0117       298.0153       297.3960       297.3645       296.6014       296.2351       296.7877       297.0364       297.5005    
 2004   297.8270       298.5357       299.3221       299.1679       298.3699       297.8966       296.6022       296.3599       296.3567       296.6038       296.9409       297.5158    
 2005   297.9969       298.4431       299.0335       299.5395       299.2288       298.3706       297.7225       296.7817       295.9485       295.9791       295.9296       296.0059    
 2006   297.3697       298.5320       298.7736       299.0665       298.9003       298.2511       297.5838       297.1591       297.4536       297.6720       297.7271       298.1993    
 2007   298.7350       298.7258       298.7414       298.8345       298.2026       297.3941       296.3397       295.2174       294.9550       294.5871       294.9424       295.5800    
 2008   296.4828       297.5887       298.5810       299.0085       298.9717       298.4442       297.8533       297.3172       296.9045       296.5816       296.6392       296.5225    
 2009   297.3720       298.2258       298.5732       299.2937       299.3596       298.8726       298.2423       297.3612       297.0596       296.9738       297.5482       298.1866    
 2010   298.5553       299.1288       299.6829       299.9068       299.0850       297.6823       296.3829       295.5192       295.2280       295.0499       295.0715       295.5344    
 2011   296.7588       298.0131       298.6328       299.2462       299.0047       298.4137       297.5312       296.4998       296.0231       295.7670       295.7039       296.3031    
 2012   297.2999       298.3123       299.1024       299.3531       299.1372       298.9169       298.2282       297.2014       296.7693       296.3437       296.8362       296.8723    
 2013   297.4753       298.3883       299.4341       299.4486       298.2777       297.5220       296.8171       296.1035       296.2471       296.4494       296.4776       296.9804    
 2014   297.6447       298.0753       299.1916       299.6165       299.5018       299.1686       298.0513       297.1803       296.9597       297.3203       297.5003       297.8815    
 2015   298.1585       298.6591       299.3203       299.8470       299.8793       299.7345       299.3074       298.7562       298.8453       298.9082       299.1904       299.5200    
 2016   299.7755       300.0926       300.5415       300.1527       299.1603       298.3586       297.2286       296.5413       296.6423       296.3792       296.2592       296.7306    
 2017   297.7502       299.1284       299.6251       299.9327       299.4363       298.4101       297.4739       296.4912       295.7539       295.9337       295.6167       295.9419    
 2018   296.6417       297.9085       298.7293       299.0682       298.9189       298.4915       297.7028       296.5715       296.5402       297.0922       297.6003       297.8401    
 2019   298.3208       299.2025       299.8321       299.9689       299.5569       298.6742       297.3091       296.2973       296.0315       296.4485       297.0181       297.3195    
 2020   297.9797       298.8087       299.4027       299.8229       298.9378       297.4443       296.7722       296.0537       295.0562       295.2973       295.5079       296.3706    
 2021   297.4663       298.3166       298.8841       299.0290       298.6768       298.2256       297.3602       296.4113       296.0707       295.9936       295.8826       296.0327    
 2022   296.4597       297.4742       298.7171       298.8019       298.1780       297.5960       297.2562       296.3254       295.4785       295.5174       295.5593       296.1823    
 2023   297.4052       298.6331       299.5678      -999.9000      -999.9000      -999.9000      -999.9000      -999.9000      -999.9000      -999.9000      -999.9000      -999.9000    
