 1950   299.5355       299.5464       299.7684       299.6922       299.8980       299.5830       299.0544       299.0896       299.3884       299.6067       299.5327       299.6862    
 1951   299.3372       299.4110       299.5224       299.4420       299.6385       299.4645       298.8746       299.4290       299.3911       299.6533       299.6912       299.7856    
 1952   299.7307       299.5296       299.3258       299.6935       299.7524       299.6239       299.1714       299.1218       299.4371       299.9278       299.8598       299.8621    
 1953   299.6391       299.4748       299.7125       299.7322       299.5111       299.4666       299.0633       299.4037       299.2921       299.6019       299.8292       299.8409    
 1954   299.5481       299.4996       299.7016       299.8405       299.6396       299.3258       299.0158       299.2181       299.3811       299.4738       299.4290       299.5447    
 1955   299.2801       299.4785       299.5235       299.2555       299.5341       299.2607       299.1714       299.1023       299.5150       299.7983       299.7956       299.5006    
 1956   299.2332       299.4157       299.4989       299.5258       299.4007       299.2314       299.1103       299.1041       299.0844       299.5698       299.6219       299.4888    
 1957   299.5390       299.6434       299.4469       299.5366       299.7040       299.3950       299.1773       299.1598       299.2593       299.7479       299.8623       299.6237    
 1958   299.8268       299.6656       299.5453       299.9435       299.8044       299.7712       299.4980       299.3127       299.6416       299.8928       299.7173       299.6201    
 1959   299.8594       299.4678       299.5257       299.5250       299.6176       299.2500       299.0789       299.0493       299.3446       299.6828       299.8555       299.7826    
 1960   299.4606       299.5251       299.6311       299.5661       299.5912       299.4202       299.2731       299.3515       299.3973       299.9373       299.8284       299.7671    
 1961   299.5964       299.4557       299.6458       299.5504       299.6572       299.2478       298.9986       299.1388       299.1960       299.4800       299.5269       299.6149    
 1962   299.5781       299.5247       299.2892       299.6406       299.6554       299.3304       299.4518       299.2211       299.3364       299.8560       299.7744       299.7012    
 1963   299.4480       299.3247       299.5203       299.6720       299.8385       299.6004       299.2848       299.3166       299.5136       299.7122       299.6922       299.7392    
 1964   299.7314       299.6441       299.5558       299.8345       299.9442       299.4123       299.3003       299.1600       299.3921       299.6041       299.6061       299.1897    
 1965   299.2494       299.1378       299.2413       299.3724       299.3852       299.1563       299.0889       298.9608       299.3543       299.6090       299.7724       299.5065    
 1966   299.4106       299.4168       299.3128       299.6748       299.6496       299.4571       299.2040       299.3061       299.5674       299.5615       299.5972       299.3990    
 1967   299.3897       299.3300       299.4757       299.4048       299.6232       299.4543       299.0780       299.2353       299.4331       299.4046       299.5923       299.4324    
 1968   299.5766       299.3792       299.3147       299.5238       299.5267       299.5569       299.3878       299.4118       299.4728       299.6661       299.6082       299.6277    
 1969   299.5497       299.7964       299.6827       299.9132       299.9185       299.5880       299.2635       299.1171       299.5248       299.5472       299.6259       299.6709    
 1970   299.4978       299.7037       299.5771       299.6834       299.7967       299.6344       299.4490       299.3447       299.4904       299.8423       299.7286       299.5997    
 1971   299.3630       299.1878       299.5353       299.5473       299.4993       299.2504       299.0660       299.0504       299.3692       299.4629       299.4357       299.3548    
 1972   299.3945       299.3163       299.3913       299.4729       299.6536       299.4556       299.4716       299.0364       299.4741       299.8991       299.7006       299.7102    
 1973   299.6232       299.8887       299.6768       299.7112       299.7215       299.7210       299.5332       299.5560       299.6535       299.8889       299.8770       299.5934    
 1974   299.6432       299.4260       299.7589       299.6099       299.6062       299.3120       299.1826       299.5174       299.4057       299.6317       299.7418       299.3286    
 1975   299.3752       299.2611       299.2778       299.5375       299.5000       299.2358       299.1205       299.3886       299.4279       299.5186       299.4982       299.3798    
 1976   299.4729       299.3071       299.3648       299.4789       299.5362       299.0442       298.9847       298.9424       299.5202       299.4894       299.8315       299.5703    
 1977   299.6129       299.4357       299.5837       299.6399       299.5982       299.3794       299.1530       299.0836       299.5579       299.6103       299.7977       299.7661    
 1978   299.6261       299.5922       299.5322       299.6128       300.1605       299.7490       299.5460       299.4805       299.4738       299.7501       299.7472       299.7394    
 1979   300.0601       299.8344       299.5174       299.8105       299.8166       299.6226       299.2705       299.4696       299.4471       300.0403       299.8180       299.6414    
 1980   299.7274       299.7443       299.7293       299.7729       299.9676       299.6456       299.4431       299.2869       299.8091       299.8166       299.9246       299.7605    
 1981   299.6888       299.7458       299.5898       299.7246       299.9638       299.5949       299.4877       299.8337       299.6345       299.8082       299.9048       299.9409    
 1982   299.6371       299.7131       299.7816       299.9192       299.9045       299.6494       299.4809       299.3672       299.4343       299.6550       299.6922       299.7539    
 1983   299.7025       299.5990       299.8271       299.7693       299.7138       299.6575       299.3235       299.3808       299.6923       299.7753       299.8800       299.7437    
 1984   299.5832       299.5414       299.6741       299.7339       299.5246       299.3267       299.2053       299.3947       299.4980       299.8532       299.8531       299.6453    
 1985   299.6545       299.7343       299.7375       299.8800       299.9788       299.6133       299.0327       299.2433       299.3524       299.6009       299.8374       299.6915    
 1986   299.7092       299.4526       299.5865       299.7906       300.1227       299.6478       299.4390       299.8882       299.5706       299.7798       299.7141       299.8302    
 1987   299.4864       299.6161       299.7195       299.9338       299.7547       299.7693       299.5523       299.2102       299.7901       300.0243       300.2805       300.1212    
 1988   300.1040       299.9270       300.1336       300.1170       300.2167       299.8314       299.7837       299.9331       300.0004       300.0021       299.9944       299.8129    
 1989   299.7570       299.6219       299.6924       299.8626       299.9620       299.5728       299.6148       299.5355       299.7950       299.9699       300.0934       299.9708    
 1990   299.8001       299.8745       300.0466       299.9796       300.1521       300.0180       299.5253       299.7490       299.5749       299.9298       300.4053       300.1012    
 1991   299.8856       299.9112       300.0410       299.9254       300.0343       300.0159       299.5253       299.6317       299.7788       299.6198       299.9117       299.6266    
 1992   299.5739       299.7098       299.6952       299.8736       299.7700       299.7462       299.2512       299.6011       299.8521       299.8979       299.9887       299.7220    
 1993   299.7388       299.7640       299.6630       299.7721       299.8048       299.5558       299.2702       299.3602       299.2914       299.7961       300.1145       300.0569    
 1994   299.8751       299.8727       299.8371       299.8531       299.9643       299.5958       299.4029       299.2819       299.8358       299.8313       299.9366       299.8822    
 1995   299.7483       299.7434       299.8333       299.9376       300.1158       299.9767       299.6975       299.8611       299.8427       300.1487       300.2119       300.0508    
 1996   299.8473       299.7884       300.0522       299.9884       299.9404       299.8778       299.8286       299.8097       300.2354       300.1280       300.2611       300.2406    
 1997   299.7352       299.6808       300.1741       299.9495       300.1331       299.7968       299.5057       299.8003       299.7494       299.8420       299.8551       300.0192    
 1998   300.0976       300.0022       300.2026       300.0822       300.3298       299.9775       299.9924       300.0676       300.2423       300.3746       300.2581       300.0877    
 1999   300.0576       299.8306       299.7483       299.8435       299.7145       299.4676       299.3876       299.3916       299.6844       299.9977       300.1263       300.1021    
 2000   299.8993       299.9294       299.7993       299.8799       299.8407       299.4895       299.4167       299.5197       299.9219       299.9979       300.2776       300.2482    
 2001   299.8452       299.9745       299.7921       299.9539       299.9014       299.7897       299.5807       299.9738       299.8433       300.3439       300.3529       300.0383    
 2002   299.9589       300.1771       299.8539       299.9743       300.2009       299.8210       299.8777       299.7709       299.9030       300.1981       300.1792       300.1585    
 2003   300.0417       300.0030       299.8535       300.2335       300.4386       299.9770       299.5070       299.6701       299.7080       300.2205       300.4106       300.1616    
 2004   300.0319       300.1391       300.3537       300.3189       300.1674       299.9215       299.2576       299.6619       299.4136       300.2109       300.1866       300.2755    
 2005   300.1011       300.1596       300.1355       300.1035       299.9562       299.8707       299.6197       299.6832       299.9089       300.1492       300.2614       300.0948    
 2006   300.1324       300.0688       299.9903       299.8762       300.1254       299.7651       299.8202       299.5722       299.6622       300.0907       300.1739       300.2952    
 2007   300.2172       299.9539       300.0570       300.0790       300.2344       300.2133       299.7225       299.5557       299.9390       300.2322       300.1450       300.2052    
 2008   299.9884       299.8764       299.7909       299.7168       299.7558       299.3958       299.4313       299.4160       299.8167       300.1724       300.1598       300.1071    
 2009   300.2055       299.9035       299.8301       300.2509       300.2575       299.9379       299.7399       300.0597       300.2541       300.2398       300.3711       300.2526    
 2010   300.1428       300.2947       300.3434       300.3894       300.6350       300.4113       300.1181       300.0183       300.1783       300.3698       300.2857       300.0624    
 2011   300.0360       300.0852       300.0385       300.0434       300.0946       299.7732       299.6011       299.5808       299.7213       300.1136       300.3149       300.2726    
 2012   299.9918       299.9799       299.9426       299.8865       300.0246       299.7996       299.4813       299.5272       299.9093       300.2583       300.2732       300.2986    
 2013   300.3745       300.0988       300.3890       300.1419       300.2893       300.2165       299.7134       299.7026       300.0683       300.3008       300.2943       300.2794    
 2014   300.2047       300.0880       300.2494       300.3592       300.2834       300.2307       300.0428       299.6989       299.9265       300.3345       300.4109       300.4110    
 2015   300.3077       299.9583       300.2159       300.3354       300.3269       300.0896       300.0128       299.8287       300.0911       300.2500       300.3678       300.4961    
 2016   300.3621       300.3745       300.5930       300.6558       300.6562       300.3748       300.2015       300.5535       300.4102       300.5286       300.6973       300.5761    
 2017   300.4325       300.4718       300.1539       300.2979       300.4360       300.0363       299.8817       300.1033       300.2549       300.6453       300.5474       300.5963    
 2018   300.4425       300.3645       300.4011       300.5004       300.4955       300.2299       300.1453       300.0954       300.1810       300.4464       300.4098       300.6295    
 2019   300.4629       300.3510       300.2207       300.3694       300.4783       300.2231       299.7598       299.9540       300.1835       300.2010       300.6228       300.5892    
 2020   300.6921       300.6973       300.5106       300.5388       300.8365       300.3988       300.1508       300.2786       300.4182       300.5851       300.6103       300.5023    
 2021   300.3683       300.3180       300.1707       300.3255       300.4433       300.1165       300.1700       300.1866       300.2420       300.8560       300.6714       300.5878    
 2022   300.4749       300.2072       300.3666       300.4412       300.5647       300.2827       300.0841       300.1253       300.4022       300.6879       300.5636       300.3267    
 2023   300.3659       300.3118       300.3807      -999.9000      -999.9000      -999.9000      -999.9000      -999.9000      -999.9000      -999.9000      -999.9000      -999.9000    
