 1950  -112.2626      -99.07934      -100.7313      -103.7187      -123.8964      -130.5899      -131.6772      -125.8353      -120.8687      -119.2106      -128.1335      -119.4026    
 1951  -102.9302      -100.1679      -86.46282      -107.4370      -133.1564      -135.5837      -167.1351      -158.2338      -131.9752      -136.1741      -141.3598      -134.1545    
 1952  -121.9806      -120.5852      -108.5175      -117.4482      -127.0763      -126.1523      -135.6008      -135.0144      -125.0549      -131.2529      -128.3648      -118.3986    
 1953  -117.8874      -108.8402      -113.6195      -115.8611      -122.8478      -141.9939      -145.0867      -142.3637      -136.9955      -122.6007      -117.0486      -110.1936    
 1954  -120.7597      -102.0727      -93.74911      -113.8972      -117.8980      -131.1569      -131.9601      -126.3517      -121.8904      -117.2711      -115.3791      -113.7729    
 1955  -96.18060      -99.95914      -96.36784      -96.73506      -122.1693      -119.0604      -128.8332      -120.8016      -118.1644      -111.9700      -120.4790      -121.7535    
 1956  -117.1208      -99.81696      -88.30319      -99.23666      -103.2994      -113.1938      -121.2654      -135.2476      -120.9768      -110.1724      -118.3464      -115.3523    
 1957  -119.3473      -110.8082      -110.9536      -109.6701      -137.0884      -134.5059      -140.8469      -137.3305      -129.1445      -131.6299      -129.3565      -120.3794    
 1958  -123.4900      -113.3303      -104.4328      -100.8280      -118.4679      -130.7672      -129.2920      -122.1745      -108.2551      -121.6480      -125.3203      -108.8958    
 1959  -119.3148      -114.6435      -115.6315      -115.9543      -134.8248      -127.7443      -122.5343      -129.0715      -120.4682      -122.9238      -121.7867      -111.8193    
 1960  -116.1434      -100.8749      -103.5867      -101.1002      -123.6297      -120.5100      -121.4318      -117.0913      -115.1479      -124.2047      -131.3257      -116.3183    
 1961  -116.9630      -110.7581      -89.62907      -101.0215      -122.9102      -122.0039      -140.0343      -136.6604      -124.8562      -121.3081      -116.9218      -119.0078    
 1962  -112.9319      -104.4822      -94.95620      -95.16443      -112.4793      -116.6401      -127.1228      -134.8013      -121.9246      -124.2039      -125.3277      -118.5490    
 1963  -116.5214      -99.74501      -94.04668      -98.02474      -117.3861      -116.4402      -137.8092      -144.7241      -127.6575      -128.6112      -128.5257      -125.8265    
 1964  -115.0119      -112.8793      -93.07246      -107.2542      -117.4286      -127.3753      -128.1205      -133.2143      -115.5674      -128.1553      -122.5417      -109.4982    
 1965  -116.1925      -112.8131      -93.34245      -114.0711      -118.0144      -122.2148      -137.5972      -130.0375      -128.9818      -141.5435      -136.7259      -133.7102    
 1966  -125.3138      -117.2406      -116.6152      -124.1714      -124.7330      -141.2364      -169.4034      -134.7464      -131.0838      -132.1167      -130.2747      -134.8789    
 1967  -112.2573      -99.26530      -103.1502      -112.3718      -130.4075      -132.0320      -153.1370      -138.1163      -133.3228      -111.0251      -123.2845      -128.1022    
 1968  -114.3746      -107.4244      -93.30035      -98.13960      -116.2896      -119.3765      -130.4809      -130.9531      -126.7754      -132.5706      -137.1741      -148.5449    
 1969  -146.2327      -124.9147      -109.4218      -106.5134      -124.5154      -138.4184      -133.5046      -118.0100      -123.7127      -111.2360      -114.9350      -108.7886    
 1970  -106.6970      -92.84844      -92.96147      -99.68693      -112.0334      -119.7838      -116.9445      -123.0681      -108.5371      -122.4190      -119.0966      -104.1025    
 1971  -95.57143      -96.85651      -82.84219      -93.71432      -103.2874      -111.5272      -138.9153      -127.5119      -108.7749      -118.0706      -121.5763      -112.2728    
 1972  -109.3401      -106.2773      -92.45704      -100.5608      -125.4964      -140.4407      -148.1891      -149.4871      -138.0520      -137.4000      -130.5661      -124.2770    
 1973  -123.2737      -115.6619      -112.0017      -102.0664      -118.3822      -112.3348      -128.9859      -118.6221      -110.0359      -113.5785      -109.4789      -101.6079    
 1974  -98.72393      -93.68693      -88.74861      -93.90840      -108.8948      -125.6903      -126.1777      -138.8601      -119.7615      -114.4914      -110.9538      -101.6115    
 1975  -101.9905      -98.52491      -92.79585      -97.89790      -101.2717      -118.5065      -122.3482      -120.1514      -110.1685      -102.8373      -104.0157      -104.2287    
 1976  -83.45844      -92.80037      -84.05827      -90.81988      -105.1323      -124.4495      -128.5078      -123.0589      -124.3073      -114.1491      -105.9138      -105.8940    
 1977  -110.2889      -99.03320      -88.15748      -93.26885      -107.5114      -123.9827      -127.7615      -122.0358      -127.9461      -125.7616      -119.4691      -104.4092    
 1978  -121.9196      -103.6044      -88.29468      -90.65495      -99.91743      -113.8863      -136.5193      -128.9961      -123.4189      -113.8517      -115.2086      -107.4778    
 1979  -107.5290      -98.40757      -101.6641      -102.0495      -105.6559      -115.7447      -117.0664      -117.9467      -103.8472      -100.2459      -103.2365      -102.7605    
 1980  -104.4064      -101.7901      -92.50562      -92.99250      -95.10908      -110.5086      -106.7666      -108.5786      -116.4255      -112.1723      -112.9548      -101.9091    
 1981  -88.81731      -82.91988      -76.97062      -85.24451      -104.6035      -107.9040      -120.8635      -108.3935      -116.5378      -112.1729      -119.0721      -104.4071    
 1982  -103.3519      -94.00281      -101.4628      -108.5039      -124.6597      -135.5134      -128.7512      -132.3240      -122.6461      -123.5564      -129.0141      -126.7495    
 1983  -131.4785      -129.4201      -124.9753      -107.1954      -97.62733      -99.96600      -97.97919      -95.90091      -97.17646      -94.92691      -95.17795      -103.2840    
 1984  -100.6508      -88.50651      -86.95301      -88.10387      -93.45578      -98.69901      -113.9502      -114.5349      -125.8177      -108.4427      -108.7875      -99.22593    
 1985  -96.63241      -106.1003      -82.19666      -83.63881      -98.63327      -106.4456      -113.3687      -122.2104      -119.6343      -110.1162      -111.2677      -112.0864    
 1986  -105.6342      -92.59112      -95.36472      -91.39906      -97.97100      -127.0659      -125.1086      -123.2939      -130.3648      -139.4825      -123.4551      -124.8033    
 1987  -124.5159      -105.9372      -105.1841      -104.7891      -102.1358      -121.0583      -125.6696      -124.8343      -123.1082      -113.8030      -122.3811      -114.1054    
 1988  -115.1870      -103.8150      -98.71938      -91.47699      -95.40252      -108.1329      -113.3138      -111.6079      -104.4647      -101.8260      -104.1163      -95.74064    
 1989  -92.12193      -86.75094      -86.87656      -83.14264      -100.1093      -108.9475      -123.4442      -121.7693      -108.7490      -120.8533      -109.0651      -111.4466    
 1990  -115.3966      -92.74288      -93.44030      -101.2841      -107.6377      -119.3106      -125.0297      -132.7693      -128.8191      -125.4933      -122.7568      -119.6242    
 1991  -119.6337      -104.8814      -90.35927      -104.6100      -112.5234      -128.7237      -119.3744      -122.3626      -122.2713      -124.5637      -120.4358      -118.2571    
 1992  -128.1888      -122.6719      -108.2954      -110.4436      -107.3222      -111.5901      -119.3285      -123.4056      -114.6990      -112.9939      -117.0246      -114.6613    
 1993  -118.1471      -97.56563      -97.59148      -99.24503      -113.4056      -114.7332      -123.9493      -113.9274      -116.2262      -120.2913      -121.6591      -116.4486    
 1994  -110.7435      -100.8310      -97.24247      -97.56247      -104.5894      -122.8023      -121.1663      -130.5863      -125.6208      -126.5953      -127.0714      -125.1964    
 1995  -117.6119      -113.1418      -105.7434      -103.7136      -114.9724      -120.6984      -127.5363      -123.8816      -116.8484      -120.8935      -114.1505      -109.1522    
 1996  -113.9285      -103.2213      -91.13020      -93.55318      -105.2681      -119.0300      -129.9531      -118.2747      -117.6167      -123.4012      -116.7345      -105.9489    
 1997  -114.8369      -106.8748      -92.03087      -103.6644      -114.6910      -132.3072      -148.4094      -137.1867      -139.4103      -140.0450      -133.2982      -144.5234    
 1998  -140.6918      -145.5200      -125.8621      -120.1805      -100.9209      -108.1588      -104.2206      -108.0836      -109.3165      -113.1253      -110.5728      -101.6669    
 1999  -88.86245      -77.74477      -85.84470      -88.48596      -103.6971      -114.0393      -130.0190      -124.2395      -116.1898      -126.0021      -118.6364      -104.5090    
 2000  -112.9103      -94.66512      -93.20020      -100.3345      -101.4620      -125.0222      -128.6579      -133.7569      -129.4694      -131.2087      -133.9644      -107.7729    
 2001  -110.8974      -92.10390      -101.5497      -104.6542      -110.1905      -132.1763      -145.7914      -138.6070      -134.6112      -138.7661      -128.9760      -113.4167    
 2002  -117.5576      -110.1863      -105.3576      -106.4436      -112.5032      -142.5001      -144.7952      -149.0545      -146.3952      -143.1035      -148.7673      -136.6416    
 2003  -122.5511      -109.6325      -115.4646      -110.1259      -114.8270      -129.7004      -142.5598      -142.7172      -135.9172      -137.4615      -143.7109      -125.6464    
 2004  -116.7574      -111.5008      -97.56776      -104.0192      -122.3906      -132.7995      -142.5882      -154.2392      -145.2358      -143.2612      -145.0889      -130.2363    
 2005  -130.7663      -108.7514      -114.7340      -104.5990      -121.7358      -140.6766      -141.4683      -134.7795      -132.9235      -141.1962      -134.0184      -128.7195    
 2006  -111.6904      -95.96698      -94.35942      -103.1945      -117.3375      -139.9278      -144.3147      -141.1988      -147.4016      -140.2530      -140.7370      -139.0312    
 2007  -118.2729      -107.7896      -100.2779      -105.5353      -114.0514      -136.9204      -126.7171      -129.8279      -132.9479      -125.3466      -118.2029      -119.1321    
 2008  -100.9640      -100.3554      -90.22356      -97.70024      -109.0851      -124.4585      -137.3078      -137.6916      -126.3648      -128.9590      -120.1530      -119.2096    
 2009  -104.5143      -93.65025      -94.88848      -104.9429      -117.0499      -128.4858      -147.1515      -138.8899      -141.3235      -133.7112      -146.5991      -141.0805    
 2010  -134.2820      -125.5109      -119.0316      -116.4766      -116.2605      -124.4531      -126.0611      -121.7177      -118.6213      -115.5829      -118.4901      -112.5380    
 2011  -96.80975      -95.81536      -99.56291      -102.2257      -111.3922      -126.9150      -134.7666      -133.2774      -127.6044      -121.8399      -128.0739      -116.8100    
 2012  -97.38299      -99.82175      -96.90109      -102.8275      -118.3107      -124.4314      -134.9757      -144.9437      -142.3442      -133.5217      -136.5578      -130.0369    
 2013  -107.3818      -106.7750      -100.1120      -105.5805      -119.0546      -135.0848      -140.8091      -139.2672      -138.3424      -128.6760      -135.1508      -126.9390    
 2014  -111.8780      -108.2240      -105.4599      -109.4551      -130.2647      -139.4033      -138.8770      -140.7438      -144.8604      -139.6311      -144.9940      -131.3993    
 2015  -117.4771      -112.1576      -112.4690      -110.8907      -123.1754      -138.0523      -139.0092      -145.1147      -152.3265      -143.6992      -144.4579      -134.4177    
 2016  -129.5533      -126.9932      -113.1128      -109.4761      -114.2072      -126.2572      -129.3591      -129.8408      -130.5050      -132.2463      -132.3309      -120.3058    
 2017  -111.1597      -98.76873      -98.94986      -98.18518      -115.0043      -124.8905      -138.0406      -131.2316      -125.6017      -125.4534      -135.7309      -116.4703    
 2018  -117.5415      -101.2789      -93.62522      -102.1073      -124.1076      -135.3900      -139.7722      -137.1957      -136.3321      -143.7527      -140.1257      -132.8258    
 2019  -114.5532      -108.1862      -106.6777      -115.2175      -113.0700      -132.5302      -131.4547      -133.7327      -126.8363      -137.2292      -134.4591      -129.9399    
 2020  -116.8329      -107.0009      -107.8858      -116.0231      -119.7342      -127.5753      -136.0184      -126.3653      -126.9701      -123.8674      -126.6160      -112.6423    
 2021  -106.3124      -90.36517      -96.51021      -99.60773      -128.8887      -133.5751      -140.8415      -134.8174      -132.4615      -123.0461      -134.0068      -108.5277    
 2022  -111.7618      -122.4354      -105.6636      -104.9779      -121.2463      -141.5527      -139.1092      -130.9308      -131.1810      -136.6122      -129.1081      -119.9607    
 2023  -112.0994      -101.2796      -107.0776      -999.9000      -999.9000      -999.9000      -999.9000      -999.9000      -999.9000      -999.9000      -999.9000      -999.9000    
