 1950  -5.273724      -5.539572      -4.811326      -5.603550      -5.461848      -5.562260      -5.635730      -5.160743      -4.831028      -5.098070      -5.499406      -5.797501    
 1951  -5.518320      -5.524339      -4.804256      -5.027160      -4.864097      -4.792910      -5.567194      -5.001320      -4.498673      -4.029985      -4.854440      -4.591135    
 1952  -5.536709      -5.792735      -5.259714      -4.703908      -5.462945      -5.393621      -5.682256      -5.681759      -4.734569      -5.452413      -5.042951      -5.085307    
 1953  -5.743312      -4.602435      -5.602688      -4.490681      -4.123618      -5.870810      -5.149350      -5.122984      -4.276340      -4.547246      -4.902815      -4.633287    
 1954  -5.435509      -4.954946      -4.546715      -5.505470      -5.085468      -4.932960      -5.747191      -5.403613      -5.317023      -5.079654      -5.071208      -5.677284    
 1955  -4.917428      -5.723731      -5.388037      -5.160764      -5.557426      -5.293138      -5.592602      -5.402498      -5.771835      -5.475385      -6.010028      -5.906787    
 1956  -5.812693      -5.576166      -5.241139      -5.076283      -4.959541      -4.514513      -4.928609      -5.765174      -5.217894      -4.710886      -4.789633      -4.967176    
 1957  -5.036915      -4.959016      -4.483989      -4.075155      -4.391305      -4.733196      -5.069185      -5.287599      -4.218244      -3.899601      -2.843557      -3.905575    
 1958  -2.819455      -4.708784      -3.770782      -3.496765      -4.310065      -4.745308      -3.953789      -5.342034      -4.354674      -4.353575      -4.421497      -3.550979    
 1959  -4.704458      -4.483423      -4.862882      -4.948725      -5.245557      -4.957766      -5.356620      -5.313942      -5.088184      -4.453347      -4.895628      -5.410095    
 1960  -5.347539      -5.199117      -4.981136      -5.031450      -5.519213      -4.939926      -5.254895      -5.482225      -5.470844      -4.727986      -5.314127      -5.128096    
 1961  -5.607496      -5.513911      -4.103615      -4.648714      -5.668940      -5.225616      -5.376632      -5.896122      -5.416703      -4.903559      -4.580479      -5.343579    
 1962  -5.907253      -4.716851      -4.879769      -5.039336      -5.578153      -4.444497      -5.676259      -5.122988      -5.752763      -5.133080      -5.112676      -5.233095    
 1963  -5.370025      -4.761354      -5.080308      -4.329277      -5.149115      -4.228040      -4.725868      -5.598752      -4.304085      -4.372212      -3.971240      -4.700650    
 1964  -4.486802      -5.008683      -4.753331      -5.296362      -5.167810      -5.241484      -5.056646      -5.827889      -5.379432      -4.981168      -5.164312      -4.689576    
 1965  -4.863098      -5.010523      -4.050647      -4.493326      -4.294491      -3.514693      -4.790128      -4.232801      -4.297752      -4.048706      -3.432446      -4.516182    
 1966  -4.007226      -4.730679      -4.721304      -4.792548      -4.207132      -4.686940      -5.949607      -5.734151      -4.818987      -5.017356      -4.964506      -5.653858    
 1967  -5.815290      -5.233453      -5.252447      -4.661595      -5.637224      -5.309834      -6.093067      -6.009729      -5.459707      -4.932246      -4.747630      -4.940463    
 1968  -5.832922      -4.980147      -5.209463      -4.610318      -4.641826      -4.771769      -5.437420      -5.347069      -4.669943      -4.394792      -5.065212      -5.251494    
 1969  -4.820312      -4.733977      -4.139243      -4.356300      -4.413273      -5.013140      -5.409224      -4.456898      -4.751771      -3.885241      -4.448164      -5.038821    
 1970  -5.318353      -5.120075      -4.830375      -4.365027      -5.273335      -5.422453      -5.035042      -5.604586      -4.930377      -5.409622      -5.603535      -5.562564    
 1971  -5.058974      -5.372814      -4.807415      -4.760612      -5.049688      -5.408077      -5.532756      -5.396936      -5.287794      -5.164963      -5.204949      -5.414457    
 1972  -4.752509      -5.323292      -4.529850      -3.623422      -4.510396      -4.678831      -4.689384      -3.866572      -4.032377      -2.944266      -3.238767      -4.020121    
 1973  -4.258841      -4.803743      -4.973978      -4.630329      -4.752831      -5.262962      -5.325206      -5.744721      -5.467970      -5.056476      -5.575438      -5.704012    
 1974  -4.743862      -5.070158      -4.972077      -5.239915      -5.180384      -5.370031      -5.850061      -5.344244      -5.194034      -5.293826      -5.261003      -5.311926    
 1975  -5.306992      -5.008564      -5.185683      -5.187959      -5.237089      -5.851290      -5.576786      -5.976278      -5.747918      -5.520778      -5.418881      -5.819268    
 1976  -4.958611      -5.484091      -5.239045      -4.396807      -4.428298      -4.828727      -5.134739      -5.015472      -4.115800      -4.358464      -4.223368      -4.397989    
 1977  -5.360511      -5.113052      -4.249323      -4.798957      -4.656271      -5.032303      -6.067893      -5.427291      -4.584059      -4.790832      -4.188864      -3.664231    
 1978  -5.721277      -4.410086      -4.837122      -4.838157      -5.087702      -5.463168      -5.514518      -6.080523      -5.262713      -4.450426      -4.903815      -4.722084    
 1979  -4.472464      -5.008123      -5.362887      -4.098747      -4.373730      -5.429302      -4.621000      -4.242947      -4.518113      -4.105598      -4.826723      -4.669230    
 1980  -5.333797      -5.249916      -4.255260      -3.606082      -4.333080      -4.903074      -5.129519      -5.313196      -4.675169      -5.075410      -4.836373      -5.478249    
 1981  -5.792408      -5.064669      -3.986867      -4.691461      -4.839681      -4.734036      -5.613267      -4.368592      -5.521466      -4.683091      -5.311910      -4.992155    
 1982  -5.411537      -4.943959      -5.251228      -4.175271      -4.153476      -4.912922      -4.101457      -4.376318      -2.556144      -2.370113      -1.591005      -1.875333    
 1983  -2.845817      -2.281290      -1.332999      -1.379893      -1.834325      -3.528346      -4.383976      -4.822293      -5.008276      -4.816753      -4.817492      -5.272271    
 1984  -5.206196      -4.422351      -4.445521      -4.297785      -4.637722      -4.913814      -4.771713      -5.086636      -4.809743      -5.045225      -5.216746      -5.651752    
 1985  -5.554708      -5.816297      -4.929477      -4.485664      -5.253589      -4.950375      -5.003911      -5.509164      -5.381690      -4.033893      -4.929185      -5.414937    
 1986  -6.262322      -5.270005      -5.406703      -4.790123      -4.280093      -5.567133      -4.983070      -4.344562      -4.782587      -4.305454      -4.231472      -4.131847    
 1987  -4.773746      -4.048254      -2.930910      -2.880731      -2.975629      -4.208467      -3.629883      -3.997172      -3.800395      -3.613359      -4.079330      -4.345246    
 1988  -5.184243      -5.071806      -5.346592      -4.357078      -4.685777      -5.120114      -5.789284      -5.217607      -5.771149      -5.499450      -5.532528      -5.477870    
 1989  -5.467216      -5.023703      -4.876349      -5.009923      -5.410934      -4.800694      -5.649943      -5.368323      -4.738723      -5.514010      -5.070361      -4.903214    
 1990  -5.273967      -3.975531      -4.813264      -4.600758      -4.685012      -4.836329      -4.787385      -5.306945      -4.869722      -4.894588      -4.787122      -4.646277    
 1991  -5.284165      -5.294150      -4.298226      -4.335726      -3.855518      -4.039958      -4.777674      -5.343024      -4.006888      -3.947723      -3.069723      -3.053848    
 1992  -2.147637      -3.520536      -2.238906      -2.941678      -3.418694      -4.168482      -4.091822      -4.890769      -3.935976      -4.669991      -3.297768      -4.299416    
 1993  -4.303943      -4.009894      -3.703471      -2.943205      -3.585722      -4.004204      -4.908761      -3.884628      -4.022389      -3.939865      -4.388554      -5.042506    
 1994  -5.170581      -5.258668      -4.005075      -4.113911      -4.003242      -4.703843      -4.571312      -4.640502      -3.935456      -3.184119      -3.396476      -4.110081    
 1995  -4.901183      -4.559245      -4.752100      -4.291566      -4.336205      -4.693417      -5.035269      -5.576049      -5.340234      -5.029594      -5.177916      -4.798060    
 1996  -5.327983      -5.287418      -4.654569      -4.438051      -4.577554      -4.969222      -5.536365      -5.034249      -5.308474      -5.317807      -4.727596      -5.517077    
 1997  -5.157532      -5.392689      -3.473116      -3.471783      -3.609639      -1.683239      -4.349863      -2.550868      -1.960400     -0.8293037     -0.8452346      -2.691288    
 1998  -2.812302      -2.671695      -2.299104      -2.192412      -4.041091      -4.480447      -4.687830      -4.742300      -4.735855      -5.057238      -5.210250      -5.308367    
 1999  -5.108438      -4.623215      -4.656842      -4.369882      -4.753165      -4.898720      -5.984375      -5.553900      -4.951552      -5.666126      -5.683362      -5.655391    
 2000  -5.592653      -5.293953      -4.127848      -4.722772      -4.784772      -5.347160      -5.147402      -5.753932      -4.721368      -5.591307      -5.402452      -5.331384    
 2001  -5.654676      -5.643654      -4.538636      -4.836914      -4.626119      -5.338425      -5.275405      -5.392591      -4.761918      -4.934586      -5.276268      -4.804103    
 2002  -5.199531      -4.870003      -5.088995      -4.573765      -3.745599      -5.078224      -4.499231      -4.861716      -3.778449      -3.771409      -4.683383      -3.979691    
 2003  -4.937070      -4.666441      -4.543183      -4.787539      -4.714010      -4.142327      -5.504999      -4.938356      -4.859293      -4.450112      -4.843166      -5.600183    
 2004  -4.814391      -5.450549      -4.713408      -4.577527      -4.885225      -5.313544      -4.522266      -5.234094      -4.705635      -4.571381      -4.587601      -4.654436    
 2005  -5.634145      -4.058605      -4.418165      -4.667409      -4.457314      -4.772954      -5.550432      -4.849829      -5.205327      -5.270082      -5.352274      -5.777707    
 2006  -5.657146      -5.036738      -4.646652      -4.621459      -4.157331      -5.326096      -4.752772      -4.749326      -5.020982      -3.739795      -3.951273      -5.205444    
 2007  -5.021625      -5.290448      -4.927232      -4.558578      -4.613459      -5.683975      -5.110378      -5.661302      -6.100936      -5.131514      -5.723998      -5.872411    
 2008  -5.743574      -5.288794      -4.608181      -4.414612      -4.418607      -5.137249      -5.409737      -5.166169      -5.172188      -5.081062      -5.520975      -5.792296    
 2009  -5.298188      -5.385127      -4.506346      -4.529872      -4.657257      -4.348013      -5.639907      -4.729911      -5.371020      -3.203522      -4.557579      -4.015523    
 2010  -4.783866      -3.331348      -4.370882      -4.219917      -5.059540      -5.253410      -5.566275      -5.595342      -5.196469      -5.791775      -5.507327      -6.260277    
 2011  -5.170034      -4.945845      -5.123304      -4.655962      -4.851110      -5.472543      -5.568746      -5.743389      -5.807045      -4.927845      -5.618591      -6.033134    
 2012  -5.608034      -4.407930      -5.219270      -4.468514      -4.972040      -4.574356      -5.467897      -5.344423      -5.623783      -4.712238      -5.481851      -5.320802    
 2013  -5.374909      -5.091624      -4.592533      -4.907482      -5.058920      -5.252828      -5.498115      -5.016251      -5.196119      -4.547657      -4.990427      -5.659711    
 2014  -5.349875      -4.789913      -3.944513      -4.533185      -4.179994      -5.033766      -5.081963      -4.550519      -5.071112      -4.397573      -4.387317      -5.093252    
 2015  -4.598845      -4.635572      -3.882892      -3.406677      -3.250723      -4.193947      -2.710382      -3.468816      -3.270146      -1.914496      -3.056396      -3.427286    
 2016  -2.755710      -4.247316      -3.724821      -3.646364      -4.212685      -4.372538      -4.947440      -5.414547      -5.335564      -5.104352      -4.895754      -5.178632    
 2017  -5.339484      -4.621886      -4.959385      -4.129924      -4.721586      -4.639721      -5.654078      -5.438199      -5.450065      -4.933841      -5.756605      -5.475079    
 2018  -5.971935      -4.992452      -5.277218      -4.957983      -4.735239      -4.388317      -5.760421      -5.111535      -4.611737      -4.141500      -4.584440      -5.428250    
 2019  -5.123937      -4.233584      -4.758492      -5.074838      -3.918518      -5.424307      -4.724760      -5.416627      -4.323294      -4.624479      -4.746644      -4.647308    
 2020  -5.253924      -4.930868      -5.205319      -4.815122      -5.013881      -4.798131      -5.673528      -5.328098      -5.846559      -5.853105      -5.419998      -5.751246    
 2021  -5.588727      -5.596879      -5.013676      -4.971766      -5.862478      -4.697176      -6.106312      -5.025010      -6.141540      -5.221232      -5.819229      -5.978930    
 2022  -5.681931      -6.387770      -5.300236      -5.164994      -5.150806      -5.281686      -6.430401      -5.855856      -5.805904      -5.978974      -5.424953      -6.250871    
 2023  -6.037616      -5.744311      -4.618866      -999.9000      -999.9000      -999.9000      -999.9000      -999.9000      -999.9000      -999.9000      -999.9000      -999.9000    
